8.001 9 6.101474785371531 -3.2050128359455696 2.0956822697195716
8.001 4.0 5.81703749387661 -1.0740299354381653 0.6748298172030158
8.001 5.0 3.005214493713155 -0.031224378959101115 0.8591375827059298
8.001 10.0 2.451578261424343 -3.233882292080881 1.6465516160019071
8.001 11.0 1.905106822452824 -0.9262201890275752 1.3712026540312472
8.001 12.0 4.694385748988408 0.7781639301525153 1.2710222342860589
8.001 9 -0.0018269217549283115 1.0206103349826605 0.0002889051666332917
8.001 13.0 2.886804886382376 4.525036128323422 2.012342387140866
8.001 9 7.404412115307453 5.758036855871242 -2.6169023693160134
8.001 1.0 5.360256858890008 2.0066875405233056 2.579211291770062
8.001 2.0 4.497736722606133 2.6924535357999364 -1.9764206708118701
