6.602 9 5.556284690554559 -3.520714848155653 2.0956822697195725
6.602 4.0 5.791801797643477 -1.1574132426103292 0.24800695373558224
6.602 5.0 3.024924282298782 -0.01695182731892783 0.8863013099586938
6.602 10.0 2.460245187643594 -3.879199274027772 1.6272289443879526
6.602 11.0 1.8879303287457259 -1.0839755808533273 1.6652552827605274
6.602 12.0 4.490759272049004 0.10607879530781655 0.9640467230353078
6.602 9 -0.002029008949009741 1.7201103057914038 0.00028889954473810614
6.602 13.0 2.921633769360894 4.507563544810717 1.356137945194475
6.602 9 7.684740923988573 5.273714732670723 -2.616902369318322
6.602 1.0 5.3493616354685445 1.9960880366740432 2.6087748110263123
6.602 2.0 4.479008735652389 2.6916183515870564 -1.9940576663881806
