7.402 9 5.867432466096576 -3.3405391997577314 2.0956822697190938
7.402 4.0 5.7987249945147585 -1.0919766660059242 0.3340790335206685
7.401 5.0 3.0078383934965687 -0.026255894059990403 0.8864916589956233
7.402 10.0 2.45973873753404 -3.4841466223815996 1.5966514114408188
7.401 11.0 1.917916645045 -0.9907538586019535 1.360664265096856
7.401 12.0 4.5916530281345675 0.43011998588075384 1.5030870776658447
7.401 9 -0.001913737394934603 1.3211103224434357 0.0002889027528970226
7.401 13.0 2.9311927430511853 4.526943068631828 1.7470649619328036
7.401 9 7.524638909597324 5.5503218637908 -2.616902369315071
7.401 1.0 5.342777625128759 1.993029548300123 2.574831036903175
7.401 2.0 4.50187157597151 2.6923729805433485 -1.936785445284467
