4.502 9 4.739667812817707 -3.9935913621588415 2.0956822697178064
4.502 4.0 5.8234122173384275 -1.090699233219437 0.23093045392190792
4.501 5.0 3.186531914693664 0.0020365886586371784 -1.4404262042063085
4.502 11.0 2.458640976425365 -4.8948834587320755 1.2850880686298547
4.501 11.0 1.8769434274713115 -1.297287669919324 1.3697544883526813
4.502 12.0 4.233479624173713 -0.8613401158492786 1.2813163463131128
4.501 9 -0.002331915696185027 2.768610262036756 0.000288891117342862
4.501 13.0 2.898059114108686 4.552536733395083 0.40568206525360395
4.501 9 8.104733192037969 4.548097027002821 -2.616902369318315
4.501 1.0 5.377768685417509 2.010500127371837 -3.109025824493944
4.501 2.0 4.473644049741459 2.688612270994584 -1.9299140427198709
