7.102 9 5.750606017207225 -3.408189630945607 2.0956822697190938
7.102 4.0 5.814768117395121 -1.0941337827932158 0.19871402421280715
7.102 5.0 3.0030595524441024 -0.03431983562209809 0.8920052668496474
7.102 10.0 2.455312922680327 -3.6328882075985813 1.6905745629338913
7.102 11.0 1.9400345672747592 -0.9948881616003766 1.1948250828099498
7.102 12.0 4.566736580622308 0.33016055708823394 1.201059283916603
7.102 9 -0.00195692826334324 1.470610316202999 0.000288901549629129
7.102 13.0 2.9105635529888656 4.545670531019596 1.6221013207644894
7.102 9 7.584752306740856 5.446464367750899 -2.6169023693166973
7.102 1.0 5.352516798495074 1.99451849598195 2.599065104904676
7.102 2.0 4.5046794750138535 2.694513393208829 -1.9530297229441522
