8.702 9 6.374069832780017 -3.047161829840504 2.0956822697195725
8.702 4.0 5.781443920206351 -1.0423495745986253 1.269818250846896
8.701 5.0 3.0866116326881405 -0.01252884643685755 0.48431918264663154
8.701 10.0 2.440001894188676 -2.870390240167745 1.562241454941508
8.702 11.0 1.9205202131399952 -0.8560905416197415 1.2216977540526113
8.701 12.0 4.8020022651487135 1.0965465024255163 1.2257146888335084
8.701 9 -0.0017260933610571607 0.6716103495454228 0.0002889079695695059
8.702 13.0 2.8919529662152548 4.492656390655839 2.434589307618041
8.702 9 7.264147521969655 6.000371013298068 -2.61690236931326
8.702 1.0 5.3599775398052865 2.0173192596509733 2.57957574902029
8.702 2.0 4.500728794722576 2.703037840840678 -1.9948036068258388
