9.701 9 6.763101907581602 -2.8218858939839775 2.095682269719093
8.802 4.0 5.788132675574145 -1.0327083384781988 0.924408232619627
9.701 5.0 2.995735229400206 -0.03983497371988906 0.9004970593615571
9.701 10.0 2.441402621302222 -2.3972744477729173 1.5205706584960377
9.701 11.0 1.948430590599216 -0.7674422968969075 1.0467616162288784
9.701 12.0 4.915534086867171 1.5984620052423442 1.195844319117353
9.701 9 -0.0015814939225740256 0.17111037043697003 0.00028891199734934334
9.701 13.0 2.86493864546827 4.514369917264734 2.983251419802846
9.701 9 7.063769531487712 6.346562666765147 -2.616902369313523
9.701 1.0 5.359932204448061 2.017546632483555 -3.062023035033282
9.701 2.0 4.508694981844128 2.6970054537899015 -1.946145912861507
