4.201 9 4.623230785424476 -4.061016291910139 2.095682269718284
4.201 4.0 5.81573969115947 -1.080759119986409 0.19501281419002492
4.201 5.0 3.0168994262931372 -0.03897496591754243 -2.21143912251008
2.901 10.0 1.5328636363124888 -5.343619491645226 -1.6688968515482179
4.201 11.0 1.8813356704097035 -1.3101825757386285 1.2954392717786785
4.201 12.0 4.130255900737406 -1.0639359124609207 1.2949053708573528
4.201 9 -0.002375249272460135 2.9186102557774287 0.00028888991183566884
4.201 13.0 2.912561061532345 4.537559643745546 0.2284701168768133
4.201 9 8.164846589182437 4.444239530962571 -2.6169023693183147
4.201 1.0 5.367789483125623 1.9930434772532335 -3.1388507824853384
4.201 2.0 4.483635917867227 2.689809738834075 -1.822539065187192
