3.001 9 4.155924989866582 -4.3316180166610625 2.0956822697182838
3.001 4.0 5.8200368087291166 -1.0829921043661317 0.18102883712854445
3.001 5.0 3.016644891965486 -0.01844118991790772 -2.2703529518634626
2.901 10.0 1.5328636363124888 -5.343619491645226 -1.6688968515482179
3.001 11.0 1.9254536525948267 -1.3887609068182247 1.5422586862107455
3.001 12.0 3.947811835235513 -1.6181574543065123 1.2275089760019808
3.001 9 -0.0025485817693333915 3.518610230740632 0.00028888508995800595
3.001 13.0 2.928389858166428 4.47131068540493 -0.3688108358803892
3.001 9 8.40530017776026 4.028809546801574 -2.6169023693183115
3.001 1.0 5.361660628163821 2.020930075972444 3.082496088001335
3.001 2.0 4.4987960384929035 2.7068231823556674 -1.7239411395580122
