3.402 9 4.311693588385851 -4.24141744174407 2.0956822697182838
3.401 4.0 5.863941379409718 -1.0962740302681038 0.017275968307381984
3.401 5.0 3.0036775518091767 -0.03172656360017673 -2.2653322730164644
2.901 10.0 1.5328636363124888 -5.343619491645226 -1.6688968515482179
3.401 11.0 1.8939489132858602 -1.4101380564178272 1.2881738192126972
3.402 12.0 4.018389046730687 -1.4164017448657718 1.2884509030839144
3.401 9 -0.0024908045918333303 3.3186102390861274 0.0002888866972237001
3.401 13.0 2.9150474641366944 4.495265993668749 -0.11078398397962141
3.401 9 8.325148981567533 4.167286208188573 -2.6169023693183124
3.401 1.0 5.354621125812139 2.0089963751355358 -2.9059032982554274
3.401 2.0 4.459590980318401 2.6846235877238716 -1.5282284787584037
