5.501 9 5.127921044627026 -3.7687664291779845 2.095682269719826
5.501 4.0 5.795597128508561 -1.1260846592211773 0.43871641793607363
5.502 5.0 3.018780598422732 -0.014373582947183145 -2.1208540939816576
5.102 10.0 2.480213388738218 -4.644748486274211 -2.1999096250648713
5.502 11.0 1.8785123665310608 -1.1776155949551077 1.3659676849248505
5.502 12.0 4.332580457895323 -0.37162178394590006 1.2151868007204798
5.502 9 -0.0021880469261908765 2.2706102828180974 0.00028889511973503006
5.502 13.0 2.920043508878343 4.503324469883535 0.8391324420168389
5.502 9 7.905156713518336 4.892903913856449 -2.6169023693183155
5.502 1.0 5.351199195838724 1.9965346912355362 3.0810612858750637
5.502 2.0 4.493852286876217 2.705123621586017 -1.915208640291311
