7.802 9 6.023590486111964 -3.250113123404152 2.0956822697195716
7.802 4.0 5.808679268059903 -1.096968769064179 0.4203050200018592
7.802 5.0 3.0156626765710275 -0.024581067322380384 0.8835190271542745
7.802 10.0 2.462434043137973 -3.2759806695091895 1.6884954569640915
7.802 11.0 1.9053069588842466 -0.9540863680859824 1.1824697887109
7.802 12.0 4.682263428731607 0.6991046560339157 1.2193493580029684
7.802 9 -0.0018558122307933938 1.120610330809357 0.0002889043628428481
7.802 13.0 2.9162902714673358 4.43322663357495 1.7492843755825167
7.801 9 7.444487713404434 5.688798525177682 -2.6169023693150697
7.801 1.0 5.361788357139105 2.0057383148701575 2.591358425487221
7.801 2.0 4.510078112483708 2.6933253128512575 -1.929863691594545
