2.701 9 4.0390985409771645 -4.39926844784877 2.0956822697182824
2.701 4.0 5.8474134663583985 -1.0889322849025826 0.20626246349420496
2.701 5.0 3.007086354795372 0.023480741843843828 -2.2651417756297563
2.501 10.0 1.5471752367745082 -5.159312094329026 -1.2092741982254536
2.701 11.0 1.9227986201499436 -1.4134774821448295 1.4703414503594567
2.701 12.0 3.903400446316142 -1.7291190491832413 1.3909758467867395
2.701 9 -0.0025919144415062095 3.668610224481571 0.0002888838845263693
2.701 13.0 2.9415839022715025 4.440569710107562 -0.5514635045927991
2.701 9 8.465413574904783 3.9249520507613362 -2.6169023693183124
2.701 1.0 5.353585507252594 2.0122664461540585 -3.135174830715083
2.701 2.0 4.505188887696232 2.7037880543386374 -1.857663981900383
