5.402 9 5.089368316493852 -3.7910910714651536 2.0956822697170034
5.402 4.0 5.785343334715423 -1.1376934679712307 0.3249602381236807
5.401 5.0 3.008493128361828 -0.02713567699751218 -2.237703981692081
5.102 10.0 2.480213388738218 -4.644748486274211 -2.1999096250648713
5.402 11.0 1.8799679549223245 -1.1954506897210369 1.4131889508906945
5.401 12.0 4.318893919322228 -0.41369023634312563 1.2299887499819269
5.402 9 -0.002202347225192732 2.3201102807529295 0.0002888947223771889
5.401 13.0 2.934686465583778 4.514022071338269 0.5420954067904953
5.401 9 7.924994134576871 4.858630940163121 -2.6169023693178373
5.401 1.0 5.349290306118121 1.9877776837596217 3.08224842579868
5.401 2.0 4.496648647563286 2.6974351899385742 -1.907646882230526
