8.402 9 6.257243383890666 -3.1148122610284195 2.0956822697195725
8.201 4.0 5.801293113577399 -1.0540552686002722 0.41749518999121626
8.401 5.0 3.0127171056579307 -0.03419248091439836 0.723374534912895
8.401 10.0 2.443074787193863 -3.017231043418067 1.5601016628077837
8.401 11.0 1.9136969839951092 -0.8984189851073893 1.0359701854665986
8.401 12.0 4.744843256685111 0.9506616695420421 1.2355567859938952
8.401 9 -0.0017692850176154174 0.8211103433099386 0.00028890677184916744
8.402 13.0 2.8649602366444196 4.526876493527243 2.306747566172547
8.402 9 7.324260919114448 5.896513517258018 -2.61690236931326
8.402 1.0 5.37014901896665 2.0093607950668053 2.5838945808747416
8.402 2.0 4.505285961240147 2.6997397126181726 -1.977881580252634
