3.301 9 4.272751438756023 -4.2639675854733134 2.0956822697182838
3.301 4.0 5.842544530469764 -1.111058598299361 0.1619059796412463
3.301 5.0 3.0020445857684668 -0.03274262384418147 -2.2640324151241122
2.901 10.0 1.5328636363124888 -5.343619491645226 -1.6688968515482179
3.301 11.0 1.9254040618547923 -1.3519395426775338 1.5111413661500155
3.301 12.0 3.9982860392934536 -1.4680498496624552 1.2919133368989169
3.301 9 -0.0025052489163446276 3.3686102369997393 0.00028888629540475526
3.301 13.0 2.919474235746951 4.470384584060383 -0.13324821101140927
3.301 9 8.34518678061569 4.132667042841823 -2.616902369318312
3.301 1.0 5.36265988328899 2.003343279329897 -3.039875362843972
3.301 2.0 4.457285206677755 2.6864122447023595 -1.5789314404434975
