2.901 9 4.116982840236776 -4.354168160390315 2.0956822697182824
2.901 4.0 5.830820388987236 -1.0927874784507572 0.1626893223961825
2.901 5.0 3.0204565372946304 -0.01605179634953699 -2.274907342971657
2.901 10.0 1.5328636363124888 -5.343619491645226 -1.6688968515482179
2.901 11.0 1.925154107849862 -1.4007494100859113 1.5606052938958337
2.901 12.0 3.927931267679719 -1.6468200039249599 1.2006931443407556
2.901 9 -0.002563026013481546 3.5686102286542734 0.00028888468814578113
2.901 13.0 2.946005091965082 4.4909918442243155 -0.34427033470129764
2.901 9 8.42533797680846 3.9941903814548234 -2.6169023693183124
2.901 1.0 5.354315142808012 2.009405095005092 3.1098522353656364
2.901 2.0 4.4572220037911805 2.691044184612308 -1.900151450585597
