2.001 9 3.7665034935684614 -4.55711945395348 2.095682269718284
2.001 4.0 5.763333486865315 -1.0632604978642695 -2.7781759997757796
2.001 5.0 2.9981634412622498 -0.002168244479897056 -2.2317757965422214
2.001 10.0 1.5383536354245915 -4.9435978519507655 -1.6486029005136702
2.001 11.0 1.9086429861303116 -1.4683442847345558 1.4087487224599071
2.001 12.0 3.8044688886259808 -2.0535565601284356 0.9494983654844158
2.001 9 -0.0026930233067490243 4.018610209877282 0.0002888810719113734
2.001 13.0 2.942151123897462 4.420034194408143 -0.9095144498263736
2.001 9 8.6056781682419 3.6826178933341214 -2.61690236931831
2.001 1.0 5.351187028510667 2.009404072630609 3.0572701221834895
2.001 2.0 4.505620216252501 2.7078008777299214 -1.885993921956821
