6.002 9 5.322631792775999 -3.6560157105314546 2.095682269719822
6.002 4.0 5.813735741863232 -1.0916375817192265 0.25460506120084014
6.001 5.0 3.0117471893354146 -0.013179058747364573 -2.1853681041193997
5.102 10.0 2.480213388738218 -4.644748486274211 -2.1999096250648713
6.002 11.0 1.8933405509278076 -1.1190342933249826 1.5813424553574298
6.001 12.0 4.385327698205345 -0.1525489009222923 1.2634825370333438
6.002 9 -0.0021156784487783055 2.020110293272069 0.00028889713352745974
6.001 13.0 2.929796071933625 4.511007799222192 1.0382298369600758
6.001 9 7.804967718277508 5.065999740590198 -2.6169023693183155
6.001 1.0 5.349969721740413 1.98933032063996 3.0982554760132204
6.001 2.0 4.492729751839189 2.6966340308771963 -1.9207698425523754
6.002 10.0 2.464525038771878 -4.178656574110641 1.5123933021104161
