9.002 9 6.490896281669368 -2.979511398652597 2.0956822697195725
8.802 4.0 5.788132675574145 -1.0327083384781988 0.924408232619627
9.001 5.0 3.0012399811338746 -0.03250170157979809 0.8824788108504862
9.001 10.0 2.4406862154048863 -2.7115294540422585 1.6670458971926019
9.001 11.0 1.9235357667336221 -0.843774105291945 0.9517741162474973
9.001 12.0 4.810833584623097 1.2606811622001732 1.3279776383871575
9.001 9 -0.0016826126266606724 0.5211103558301109 0.0002889091833009583
9.001 13.0 2.8791762503710974 4.505852081729799 2.5762788173773927
9.001 9 7.203833746831806 6.104574700991756 -2.616902369315021
9.001 1.0 5.353567765600194 2.0002786507075188 -3.1214300727077244
9.001 2.0 4.501873855823039 2.7027802605462883 -2.057156979097139
