1.301 9 3.49390844615982 -4.7149704600581845 2.095682269718282
1.301 4.0 5.771076584836861 -1.0200556823389597 0.22144199802422948
1.301 5.0 3.003272593772113 -0.008848691471669494 0.8372925062372727
1.301 10.0 1.5521214572224753 -4.547879109730773 -2.0771328783121343
1.301 11.0 1.8528784093276454 -1.5466326540504065 1.322893447067372
1.301 12.0 3.7023148446327125 -2.3737145755938505 1.2127121350779255
1.301 9 -0.0027941311875904346 4.368610195273219 0.00028887825937877546
1.301 13.0 2.977606532189986 4.451372485430523 1.8916431132700708
1.301 9 8.74594276157893 3.4402837359068608 -2.61690236931831
1.301 1.0 5.349183981725162 2.0156285335394513 3.122629801588312
1.301 2.0 4.46352755830358 2.686113361892464 -2.150730384599046
