4.802 9 4.85571541871484 -3.9263919338417073 2.0956822697154154
4.802 4.0 5.826004130083499 -1.0885786667734596 0.1505717102519144
4.801 5.0 3.0131261342255877 -0.0007851811412578069 -1.9828232596377169
4.601 11.0 2.456340136145495 -4.852673583179335 1.3983687523845574
4.801 11.0 1.8696391380708506 -1.2728631230044316 1.4736262541684562
4.802 12.0 4.271725263501864 -0.7377340641997978 1.250588781022178
4.801 9 -0.002288581939082683 2.618610268296126 0.0002888923228651572
4.801 13.0 2.9498744497349723 4.543718899892394 0.5051461768515539
4.801 9 8.044619794893501 4.65195452304307 -2.616902369318315
4.801 1.0 5.354492037612831 1.9908405284242026 3.0939728314520036
4.801 2.0 4.485858773234529 2.6992377366770093 -1.9005901846279531
