1.601 9 3.6107348950492377 -4.647320028870439 2.0956822697182824
1.601 4.0 5.804515333785153 -0.9956201711323286 -2.9518523890110684
1.601 5.0 3.0109402933053886 -0.006565049972012127 0.8295644660189194
1.601 10.0 1.5514756932682494 -4.700204096633477 -2.1803708330902607
1.601 11.0 1.847680522165416 -1.5137402604195807 1.4285720054169824
1.601 12.0 3.738084089634099 -2.2415202658188025 0.516149787077838
1.602 9 -0.0027506549201829745 4.218110201553393 0.00028887946923176344
1.602 13.0 2.9341414552607183 4.405904883787295 -1.087457383081122
1.601 9 8.68582936443448 3.544141231947122 -2.61690236931831
1.601 1.0 5.3542549249526 2.0131229987634107 3.104899148907258
1.601 2.0 4.50201318262012 2.69515405125366 -1.895126975112142
