8.502 9 6.295406690527709 -3.0927131201754583 2.095682269720727
8.201 4.0 5.801293113577399 -1.0540552686002722 0.41749518999121626
8.502 5.0 3.007566839333148 -0.026631650082368397 0.8621576616550626
8.502 10.0 2.4419015221944123 -2.9649436944801506 1.5044488657883686
8.502 11.0 1.9168156749359326 -0.864790250093443 1.0685850445315186
8.502 12.0 4.761058262411338 0.9982199098442247 1.2642929901055378
8.502 9 -0.001754695213604365 0.7706103454160088 0.00028890717613874376
8.501 13.0 2.899266438457591 4.5079754240991745 2.3285060067420478
8.501 9 7.304223120066189 5.9311326826047015 -2.61690236931326
8.501 1.0 5.357108343738036 2.0034956997788145 2.576711194849547
8.501 2.0 4.503085079977154 2.703713468659383 -1.971579372442914
