9.901 9 6.840986206841169 -2.7767856065253893 2.095682269719093
8.802 4.0 5.788132675574145 -1.0327083384781988 0.924408232619627
9.902 5.0 2.988309132358803 -0.03749769712621512 -2.28501080893445
9.902 10.0 2.432445637734361 -2.2885430367317525 1.5145076292432034
9.902 11.0 1.9239708308913368 -0.7476892699432489 0.8471231873156628
9.902 12.0 4.940595643678552 1.6954521802841944 1.2068311689835234
9.902 9 -0.0015524582259831617 0.07061037463084396 0.0002889128014315942
9.902 13.0 2.8802607672287985 4.51579098419429 3.04376536463025
9.902 9 7.024094689370398 6.415108614151845 -2.616902369314508
9.901 1.0 5.427486632828777 2.055531674728824 -2.8405123074116387
9.902 2.0 4.491599951586583 2.7018499980573187 -1.9545616710697298
