6.902 9 5.67311113944391 -3.453064416967771 2.0956822697195725
6.901 4.0 5.814220238735451 -1.1195114191883766 0.4499334309906269
6.902 5.0 3.0177041652742496 -0.030516514641691556 0.8891551213412687
6.902 10.0 2.458668947672805 -3.720931528461744 1.4739734593901357
6.902 11.0 1.8944930960767792 -1.0301137603201127 1.0267541126018194
6.902 12.0 4.513819515854524 0.22849146602024045 1.2978876845984861
6.902 9 -0.0019861072749241884 1.5716103119858464 0.00028890073548657516
6.901 13.0 2.9140893094434883 4.5348585236961 1.5465237040728832
6.901 9 7.6248279048371685 5.377226037057391 -2.6169023693167146
6.901 1.0 5.350473387640081 1.996674611985803 2.620526994478042
6.901 2.0 4.500562603272326 2.6992050460555843 -1.9535043996374066
