8.802 9 6.41223313941706 -3.0250626889875427 2.095682269720727
8.802 4.0 5.788132675574145 -1.0327083384781988 0.924408232619627
8.802 5.0 3.0087717205966906 -0.05311191709985874 0.6945727353838884
8.802 10.0 2.440916890082826 -2.81965605039146 1.6443252022493362
8.802 11.0 1.9287149647181856 -0.8731757336392557 1.1784817854986165
8.802 12.0 4.823755901458885 1.1511141641841198 1.1993309016454696
8.802 9 -0.0017115035040274243 0.6211103516566961 0.00028890837947698124
8.801 13.0 2.8776571551085484 4.493760380589021 2.485410403527211
8.801 9 7.2439093449282845 6.035336370298409 -2.616902369314893
8.801 1.0 5.3584843933129775 2.016719884998193 2.90303401039081
8.801 2.0 4.496503858842074 2.702277297197107 -1.9891911588660327
