8.201 9 6.179359084631098 -3.1599125484870036 2.0956822697195716
8.201 4.0 5.801293113577399 -1.0540552686002722 0.41749518999121626
8.201 5.0 3.0095717543032627 -0.03545434797269432 0.772255829192714
8.201 10.0 2.446952839820188 -3.133714406891513 1.5342407269562806
8.201 11.0 1.915269433493332 -0.9039934314111303 1.392069286492795
8.201 12.0 4.711476073674111 0.8475202813166527 1.2576559825028504
8.201 9 -0.0017981756538380047 0.9211103391365947 0.0002889059680453229
8.202 13.0 2.876102618258156 4.529153857401434 2.203268627428394
8.202 9 7.36413613921823 5.827621378218195 -2.6169023693154805
8.202 1.0 5.360720622811867 2.0001585132283766 2.5897282292713677
8.202 2.0 4.4993829847400555 2.6930472052659793 -1.9782736896103503
