6.701 9 5.595226840184343 -3.498164704426359 2.0956822697195725
6.702 4.0 5.802823521775744 -1.1690254711833337 0.38621862127327145
6.701 5.0 3.0214038149317766 -0.01883404954822787 0.8763169957157011
6.701 10.0 2.457420197356331 -3.852118384402927 1.5271323982748708
6.701 11.0 1.8996223825779626 -1.0628502694865278 1.6233872486110563
6.701 12.0 4.489951030020528 0.13402453361549116 1.0739473465952596
6.701 9 -0.0020147084112999026 1.6706103078566426 0.0002888999421153468
6.702 13.0 2.9148777373855657 4.522183310220592 1.4187779565050525
6.702 9 7.664703124940415 5.308333898017495 -2.616902369318322
6.702 1.0 5.354051627733015 1.997151767033086 2.593957694435554
6.702 2.0 4.492043250040293 2.6909076531905938 -2.0117174102668893
