0.801 9 3.299197698010804 -4.827721178704394 2.0956822697182824
0.801 4.0 5.839949953704476 -1.060915482347324 0.5281202856560876
0.801 5.0 3.021954357433519 2.5444356745986385e-05 0.831280036707168
0.801 10.0 1.557697736182967 -4.341313478965787 -1.7915207719888917
0.801 11.0 1.8464943699600143 -1.575378848627706 1.694723850872152
0.801 12.0 3.6465893028465386 -2.6340057532106713 1.2700145206465456
0.801 9 -0.0028663504998016585 4.618610184841944 0.00028887625047669015
0.801 13.0 3.02640347828383 4.4939595844718765 2.521464719314819
0.801 9 8.846131756819752 3.2671879091731117 -2.6169023693183093
0.801 1.0 5.34427015629415 2.021916268127453 -3.1368225396254688
0.801 2.0 4.47135478621136 2.6794517705131264 -1.8388171971419482
