7.902 9 6.062532635741747 -3.227562979674858 2.0956822697195716
7.902 4.0 5.83333247825825 -1.1030875876637345 0.5366359416517921
7.902 5.0 3.0089535336920377 -0.020061878435807257 0.9032065309303081
7.902 10.0 2.444316730180229 -3.2705353451803667 1.933721292735842
7.902 11.0 1.8987039583517746 -0.9328014196040879 1.3001353491882275
7.902 12.0 4.6905011445038465 0.7471507833309021 1.2219710387008464
7.902 9 -0.001841511457459514 1.0711103328766154 0.0002889047623521391
7.901 13.0 2.8639721003457703 4.540611636559907 1.9871051457256201
7.901 9 7.424449914356211 5.723417690524387 -2.6169023693150697
7.901 1.0 5.3592843685229345 2.0013019816231443 2.592194984489823
7.901 2.0 4.50535333203374 2.6988822735284823 -1.9453588278748635
