4.702 9 4.81677326908502 -3.9489420775709467 2.095682269715438
4.702 4.0 5.8377650805908345 -1.0803731262858867 0.19844413437760844
4.701 5.0 3.0279301735020097 -0.02457918832964458 -1.6805309613088948
4.601 11.0 2.456340136145495 -4.852673583179335 1.3983687523845574
4.701 11.0 1.8686318038249032 -1.2902171523101877 1.457324633218745
4.702 12.0 4.269438008754416 -0.7644160619155058 1.2773788634768817
4.701 9 -0.0023030265448755207 2.6686102662096562 0.0002888919210227163
4.701 13.0 2.9087949425968795 4.536968761851388 0.49458280308495883
4.701 9 8.064657593941657 4.61733535769632 -2.616902369318315
4.701 1.0 5.358283536815264 2.0067786219700654 -2.968683502908591
4.701 2.0 4.470669915407324 2.6917118974971688 -1.9166788607479779
