9.502 9 6.685217608322034 -2.8669861814425657 2.095682269719093
8.802 4.0 5.788132675574145 -1.0327083384781988 0.924408232619627
9.502 5.0 3.013070203799428 -0.020402364147693947 0.88163314215201
9.502 10.0 2.439507270863945 -2.466232003869554 1.574476606692139
9.502 11.0 1.9558146236585556 -0.7775450475833932 0.7318378011835254
9.501 12.0 4.897180269741705 1.5190491132468513 1.281537246155553
9.502 9 -0.001610529531662271 0.2716103662391742 0.00028891118489805573
9.501 13.0 2.9003213013724185 4.495794336019431 2.8696257598500274
9.501 9 7.103845129584254 6.277324336071784 -2.616902369313548
9.501 1.0 5.379629652546637 2.0067448113854782 -3.0942628309596407
9.501 2.0 4.524489166566919 2.711310719856672 -1.9031434276022556
