9.802 9 6.801654635714897 -2.7995612516945974 2.095682269720727
8.802 4.0 5.788132675574145 -1.0327083384781988 0.924408232619627
9.802 5.0 2.9845957961751752 -0.03177976086242866 -2.238154462244015
9.802 10.0 2.4329715724540204 -2.3185326840425935 1.6078879610312944
9.802 11.0 1.9604895285242854 -0.7386816147888375 0.5441229977322588
9.802 12.0 4.94141549122715 1.6601688321854113 1.2139641163264252
9.802 9 -0.0015671927645193636 0.12161037249986215 0.000288912389774127
9.802 13.0 2.9016685751062585 4.484865110284517 2.9827678485080886
9.802 9 7.043731732439447 6.381181832111837 -2.6169023693135234
9.802 1.0 5.38581252710848 2.021023062265039 -2.7409848036811435
9.802 2.0 4.484401989707694 2.6911830825008916 -1.9133686032475703
