2.101 9 3.8054456431982735 -4.534569310224231 2.095682269718284
2.101 4.0 5.852638348942447 -1.0657440023896187 -2.4766499058517946
2.101 5.0 3.018987895656008 0.01123152721708795 -2.27142590883229
2.001 10.0 1.5383536354245915 -4.9435978519507655 -1.6486029005136702
2.101 11.0 1.9085556085979314 -1.4563146239179 1.595531052734489
2.101 12.0 3.817664331129639 -2.0074566497960005 1.1701017440414323
2.101 9 -0.0026785792434130496 3.968610211963596 0.0002888814737084721
2.101 13.0 2.959718822327237 4.416079223730782 -0.8554086311529394
2.101 9 8.585640369193749 3.717237058680871 -2.616902369318311
2.101 1.0 5.350878255931864 2.0088469923414296 -3.021158581199714
2.101 2.0 4.520686098753695 2.7117297355537864 -1.8810211956492786
