1.501 9 3.571792745419432 -4.669870172599689 2.0956822697182824
1.501 4.0 5.759575230643764 -1.001235890700993 -2.923647724423094
1.501 5.0 3.014251899801408 -0.011450217724359568 0.8196147520735315
1.401 10.0 1.5174020256565284 -4.65588402453788 -2.2401430583086244
1.501 11.0 1.8489910845619053 -1.5277705734470675 1.439148432399862
1.501 12.0 3.730820471068865 -2.282628332336261 0.8101832485277556
1.501 9 -0.0027652433220831923 4.268610199445759 0.00028887906295110686
1.501 13.0 2.9274708655280284 4.414641486789337 1.995651550276646
1.501 9 8.705867163482612 3.5095220666003724 -2.6169023693183093
1.501 1.0 5.3521801786190055 2.006766535879069 3.120319853784151
1.501 2.0 4.4842914840612895 2.6840562358637072 -1.83791454795522
