3.501 9 4.350635738015679 -4.21886729801482 2.0956822697182838
3.501 4.0 5.848106596286409 -1.1280434839870346 0.25096733762764956
3.501 5.0 3.0145424336796225 -0.03428177041180605 -2.2486416609762596
2.901 10.0 1.5328636363124888 -5.343619491645226 -1.6688968515482179
3.501 11.0 1.910901214752859 -1.3887362342126446 1.2824581810144835
3.501 12.0 4.023811055535992 -1.3913908360924672 1.2606141630669772
3.501 9 -0.00247636024723104 3.2686102411725195 0.0002888870990443196
3.501 13.0 2.8988525910994363 4.497167595538319 -0.09490408089049485
3.501 9 8.3051111825194 4.201905373535323 -2.616902369318314
3.501 1.0 5.349083454989449 1.9980724298016663 -2.7289843639757665
3.501 2.0 4.455477034131011 2.694079548835358 -1.4223680066311193
