10.001 9 6.879538934974464 -2.7544609642360074 2.095682269720727
10.001 4.0 5.81922871837584 -1.0217774766815153 -2.9878053045334436
10.002 5.0 2.992217836696544 -0.030296684672262174 -2.266959124829831
10.002 10.0 2.431363084160359 -2.2442719045738793 1.6082806368379652
10.002 11.0 1.943609227327646 -0.7182864830592706 1.400066827685516
10.002 12.0 4.957657772189682 1.7360888845493807 1.2251006036561232
10.002 9 -0.0015380125760730958 0.020610376717517736 0.00028891320355536426
10.002 13.0 2.883230892896401 4.493424184882894 3.1152919872313936
10.002 9 7.00365613434285 6.4504201628051 -2.6169023693137192
10.002 1.0 5.382934899211428 2.0455801189294798 -3.049624861687167
10.002 2.0 4.493659525360993 2.6971108793840832 -1.9930597148822506
