9.102 9 6.52867016681057 -2.957637759230334 2.0956822697167485
8.802 4.0 5.788132675574145 -1.0327083384781988 0.924408232619627
9.101 5.0 2.987928315305574 -0.04893594079697566 0.8844133396032312
9.101 10.0 2.4412862424836286 -2.659057176720336 1.554599991587513
9.102 11.0 1.953840044465346 -0.8037501202498434 1.1678280841678834
9.101 12.0 4.857778162692179 1.2860511213679722 1.2436474324740106
9.101 9 -0.0016681671578338152 0.47111035791682637 0.00028890958521546084
9.102 13.0 2.8895449609584167 4.4977976487217175 2.6256265013657987
9.102 9 7.183795947783482 6.139193866338528 -2.6169023693148157
9.102 1.0 5.380522423900419 2.0247673203488183 -2.943444760452154
9.102 2.0 4.519010058788866 2.721764994660231 -1.9560401656564301
