3.901 9 4.506404336534992 -4.128666723097822 2.095682269718284
3.901 4.0 5.826936344705918 -1.0708205318576645 0.34435368218624074
3.901 5.0 3.0181944585648885 -0.0227930510247054 -2.248743226487307
2.901 10.0 1.5328636363124888 -5.343619491645226 -1.6688968515482179
3.901 11.0 1.8849701490110053 -1.3568663575287152 1.2499571223086985
3.901 12.0 4.089150233196446 -1.2002270957650296 1.2986534897347637
3.901 9 -0.002418582667910258 3.0686102495181307 0.0002888887063435916
3.901 13.0 2.919056259139033 4.497973444910042 0.0867511996183139
3.901 9 8.224959986326905 4.340382034922322 -2.616902369318315
3.901 1.0 5.360506594163901 1.9951754550015646 3.0680362675497186
3.901 2.0 4.526210127393053 2.710002534650658 -2.6511918530448897
