4.401 9 4.701115084684132 -4.015916004451659 2.095682269718284
4.401 4.0 5.821409558245791 -1.0869263901582036 0.18531788029872853
4.401 5.0 3.0205978331728995 -0.02522243139489356 -2.2445127858197926
2.901 10.0 1.5328636363124888 -5.343619491645226 -1.6688968515482179
4.401 11.0 1.8878230947080217 -1.312090029090319 1.320687948970288
4.401 12.0 4.190120383413448 -0.9400377974810856 1.202981597568626
4.401 9 -0.0023463602417018677 2.8186102599503084 0.00028889071550545364
4.401 13.0 2.8947563256788933 4.575397075538737 0.3799192092472208
4.401 9 8.124770991086125 4.513477861656071 -2.6169023693183147
4.401 1.0 5.3851284495979215 1.9968156734534188 -2.4696291377616153
4.401 2.0 4.470711293554436 2.685748050091555 -1.9239234184929939
