2.201 9 3.8443877928280905 -4.51201916649498 2.0956822697182824
2.201 4.0 5.785585522586443 -1.07895637984784 -2.9434549113663557
2.201 5.0 3.0145990575884154 0.013107091465189041 -2.274217984008216
2.201 10.0 1.5277594384528703 -5.020092864545996 -0.947594906500294
2.201 11.0 1.9123517647243882 -1.4494661235660042 1.5044307772179772
2.201 12.0 3.833103235756331 -1.9679677637077826 1.2702802381529534
2.201 9 -0.002664135159987167 3.9186102140499095 0.0002888818755072508
2.201 13.0 2.9446226384159213 4.427444308576075 -0.8027097205147822
2.201 9 8.565602570145597 3.751856224027621 -2.616902369318311
2.201 1.0 5.349828994420134 2.0078433145146217 -2.534034691180882
2.201 2.0 4.51482778953193 2.705670634307419 -1.8487632511029057
