2.801 9 4.07804069060697 -4.376718304119542 2.0956822697182824
2.802 4.0 5.830884779561499 -1.0938220889966717 0.19066368953790613
2.801 5.0 3.029024264531883 -0.012796960950777425 -2.27257262923671
2.501 10.0 1.5471752367745082 -5.159312094329026 -1.2092741982254536
2.801 11.0 1.9260960047921374 -1.403414804875362 1.4926760856171777
2.802 12.0 3.9175414450570862 -1.6905203078451119 1.4514526267244836
2.801 9 -0.0025774702375391256 3.6186102265679145 0.0002888842863352342
2.802 13.0 3.1774074656460964 4.363145136066432 -0.6031385521695594
2.802 9 8.445375775856627 3.959571216108075 -2.6169023693183124
2.801 1.0 5.354982022605496 2.0083253055845187 3.055272261743
2.801 2.0 4.4576617465880854 2.6913092615647463 -1.961766560431072
