9.602 9 6.724159757951818 -2.8444360377132716 2.095682269719093
8.802 4.0 5.788132675574145 -1.0327083384781988 0.924408232619627
9.602 5.0 3.0076993221430874 -0.02292826192358239 0.88099370392381
9.602 10.0 2.437730052419953 -2.437902227972164 1.5132058929958392
9.602 11.0 1.9505744438525052 -0.7761753097633141 0.8927559590046095
9.602 12.0 4.90357446923632 1.5636567830945594 1.2161784584807571
9.602 9 -0.0015962284223014368 0.2221103683076674 0.0002889115858484489
9.602 13.0 2.8729926272088924 4.4988252196919 2.967700286838615
9.602 9 7.083807330535982 6.311943501418467 -2.6169023693135354
9.602 1.0 5.3607501184674256 2.0231897957410085 -3.118546582704757
9.602 2.0 4.506492341469427 2.699477848426596 -1.8433434874443237
