7.501 9 5.9067640372226125 -3.317763554592018 2.0956822697195725
7.501 4.0 5.79573350182744 -1.0886417161713209 0.3024233643088059
7.501 5.0 3.016842091023375 -0.019032547560493135 0.8845842509553508
7.501 10.0 2.4573464323862066 -3.455579529701401 1.5867314402136525
7.501 11.0 1.9151962392037667 -0.9796591610376295 1.4902454580505713
7.501 12.0 4.616065505346047 0.5340566675981204 1.833860413588687
7.501 9 -0.001899436693707129 1.2716103245054868 0.0002889031467871509
7.501 13.0 2.953934905887169 4.56452824194168 1.8043849606699736
7.501 9 7.504801488532972 5.584594837484518 -2.6169023693190505
7.501 1.0 5.351411385580949 2.0064064798332355 2.5942782179606807
7.501 2.0 4.505048341253234 2.6926678806134516 -1.9604987954838848
