2.401 9 3.922272092087724 -4.4669188790364975 2.0956822697182824
2.401 4.0 5.799659702663939 -1.0853138391237358 -2.946101596012962
2.401 5.0 3.005763512949836 0.013838886664084907 -2.2133733985078234
2.401 10.0 1.5314587883715083 -5.120529009013966 -1.4304184293833009
2.401 11.0 1.9216255233867505 -1.4449667360461453 1.624125695612066
2.401 12.0 3.8612835559920433 -1.8842365747094019 1.342706098098997
2.401 9 -0.002635246932865344 3.8186102182225583 0.0002888826791098577
2.401 13.0 2.945980845007861 4.425362891826549 -0.6877529831465434
2.401 9 8.525526972049251 3.82109455472112 -2.616902369318311
2.401 1.0 5.34713331709167 2.0157602064254956 -3.0120786644258737
2.401 2.0 4.499546776336537 2.6993956251619857 -1.9202120238467801
