5.302 9 5.0496473238712065 -3.8140922180730374 2.0956822697193487
5.302 4.0 5.806863377420284 -1.1167957345192556 0.396832830098377
5.302 5.0 3.006663377109176 -0.013390363797126034 -2.2572046962925687
5.102 10.0 2.480213388738218 -4.644748486274211 -2.1999096250648713
5.302 11.0 1.874943646316153 -1.2254664793781487 1.3667248670397223
5.302 12.0 4.305453162837176 -0.46699817389170617 1.2686693630240238
5.302 9 -0.0022167919509369794 2.3701102786664263 0.0002888943205246809
5.302 13.0 2.937774412326685 4.554717151811175 0.7662622374691632
5.302 9 7.945031933625027 4.824011774816372 -2.6169023693178373
5.302 1.0 5.353425612856407 1.9870228590911263 3.0938782110088137
5.302 2.0 4.4832006369945 2.6873144242945584 -1.922600879029647
