5.102 9 4.972541867604248 -3.858741502653975 2.095682269715433
5.102 4.0 5.8213885824233085 -1.0908961950964564 0.37885797657883646
5.102 5.0 3.0072022558452947 -0.01311858964997293 -2.19628423750482
5.102 10.0 2.480213388738218 -4.644748486274211 -2.1999096250648713
5.102 11.0 1.8776142135624967 -1.2100921017174575 1.3625676612628523
5.102 12.0 4.288684312465275 -0.5882981871615637 1.2445219418990576
5.102 9 -0.0022458257881794092 2.470610274472085 0.0002888935123286194
5.102 13.0 2.9921993626696213 4.606471701934115 0.5552454691729172
5.102 9 7.984907153726006 4.755119635776651 -2.6169023693206594
5.102 1.0 5.351573034591902 1.9744177468290163 3.1048800201034625
5.102 2.0 4.469544168505495 2.700853543528491 -1.977178528074835
