5.902 9 5.2844684861385565 -3.6781148513879027 2.0956822697208124
5.902 4.0 5.803493746217172 -1.0963982839288253 0.17005813756444033
5.901 5.0 3.0109192808250924 -0.025229275253840833 -2.2214817196426235
5.102 10.0 2.480213388738218 -4.644748486274211 -2.1999096250648713
5.901 11.0 1.885377949956625 -1.1367410361867467 1.587976784308324
5.901 12.0 4.394014799124546 -0.18614509196722762 1.233651515009924
5.901 9 -0.002130267742718358 2.0706102911641975 0.0002888967271682858
5.901 13.0 2.931112064219322 4.515050709018695 0.9808581609923843
5.901 9 7.8248051393360445 5.03172676689687 -2.6169023693178373
5.901 1.0 5.3517754347083475 1.9925670660641903 3.0807719210297964
5.901 2.0 4.497936920662138 2.69772160698352 -1.9025638721277365
