4.902 9 4.894268146848036 -3.904067291554603 2.0956822697182345
4.902 4.0 5.811936003904566 -1.1001937712527683 0.25673866906222287
4.901 5.0 3.0120527034077913 0.001853071557747256 -2.0674893887815338
4.601 11.0 2.456340136145495 -4.852673583179335 1.3983687523845574
4.901 11.0 1.8690295014148663 -1.2519950947631235 1.5255254612430138
4.902 12.0 4.288406448723471 -0.6648794495261011 1.2337447468300509
4.901 9 -0.002274281761728486 2.5691102703632085 0.00028889272232426774
4.901 13.0 2.959560084277148 4.5485471840899265 0.56661469085531
4.901 9 8.024581995845345 4.68657368838982 -2.616902369318315
4.901 1.0 5.353609508339073 1.992145653298127 3.075907438680694
4.901 2.0 4.48654060335503 2.695362743474626 -1.935597974258409
