1.101 9 3.4160241469002135 -4.7600707475166555 2.0956822697182824
1.101 4.0 5.785443879175496 -0.9975957935051241 0.1688268919184246
1.101 5.0 3.0100223499821444 -0.004428076093972144 0.8481046099855938
1.101 10.0 1.5489821355872653 -4.4789319210416725 -1.59360807896521
1.101 11.0 1.850453872896147 -1.5587274716144186 1.455230123188131
1.101 12.0 3.673149111543816 -2.481612994634449 1.1365217651975725
1.101 9 -0.002823018972740838 4.468610191100685 0.0002888774558131633
1.101 13.0 2.932399468718119 4.372978891583142 1.8025503809906747
1.101 9 8.78601835967525 3.371045405213361 -2.6169023693183107
1.101 1.0 5.353475463543428 2.0144451093918905 -3.05366878748223
1.101 2.0 4.4253292958103625 2.6667813708414707 -2.013002164408307
