4.301 9 4.662172935054304 -4.038466148180909 2.095682269718284
4.301 4.0 5.815708730994464 -1.0901718015564144 0.18220496812068898
4.301 5.0 3.031163924145585 -0.01422222857185354 -2.2187730566162607
2.901 10.0 1.5328636363124888 -5.343619491645226 -1.6688968515482179
4.301 11.0 1.888404691528823 -1.3120038910068 1.3370160033454446
4.301 12.0 4.162457538019062 -0.972837882983451 1.253242737438316
4.301 9 -0.0023608047671268765 2.868610257863863 0.0002888903136697226
4.301 13.0 2.919912549703785 4.540600499421105 0.2271233628899938
4.301 9 8.144808790134281 4.478858696309321 -2.6169023693183147
4.301 1.0 5.379490311795732 2.0086086277319657 3.089402977137677
4.301 2.0 4.468918692236098 2.6851368822033077 -1.9474743812057544
