8.602 9 6.334738261653981 -3.069937475006239 2.095682269719093
8.602 4.0 5.781626328983794 -1.056565165580872 1.0184640910593021
8.601 5.0 3.1665066059239098 0.01365841853642099 0.0920062666536805
8.601 10.0 2.4404799142602265 -2.9356150264279144 1.6280741146538906
8.602 11.0 1.9129554836811136 -0.8662479075813843 1.2504761878518753
8.601 12.0 4.776119358919839 1.0276044508003326 1.2510260692570858
8.601 9 -0.001740538749300853 0.7216103474587306 0.0002889075676617484
8.601 13.0 2.896588721164864 4.511249069748686 2.2464794624932516
8.601 9 7.2839849430248185 5.9660980396050425 -2.6169023693148934
8.601 1.0 5.366909408498746 2.0134520168715198 2.546810059598051
8.601 2.0 4.4977880281199125 2.700651296276346 -1.9621574873326781
