5.601 9 5.16686319425669 -3.746216285449022 2.0956822697203683
5.601 4.0 5.790944559063409 -1.1229442620641712 0.26483727136068813
5.601 5.0 3.0054981304306176 -0.00546046523223008 -2.2010807717791425
5.102 10.0 2.480213388738218 -4.644748486274211 -2.1999096250648713
5.601 11.0 1.879248299241272 -1.1652383925021057 1.3994268995562051
5.601 12.0 4.333251082505493 -0.33268368622510486 1.2379088065651067
5.601 9 -0.0021738910526528693 2.221610284860662 0.0002888955112092261
5.601 13.0 2.9191548911078247 4.500605928263774 0.8694300193984512
5.601 9 7.884918536480559 4.927869270856621 -2.6169023693178373
5.601 1.0 5.349794784822449 1.9995669552040334 3.11547157090316
5.601 2.0 4.484377168924247 2.7012411845310202 -1.9353617454520093
