1.201 9 3.454966296530014 -4.7375206037874245 2.0956822697182824
1.201 4.0 5.792494208169321 -1.0143730239356976 0.19604633643174596
1.201 5.0 3.013779003545559 -0.009750895279837399 0.8527026612951798
1.201 10.0 1.5720459870282288 -4.527223768981412 -1.7169472551431886
1.201 11.0 1.8522088242149235 -1.5454636156805508 1.3346126637472833
1.201 12.0 3.6802168624866907 -2.4254985210195326 1.2371205649389947
1.201 9 -0.0028085750902101833 4.418610193186934 0.0002888778575951304
1.201 13.0 3.0371081577449175 4.49505919026223 1.7391238768433577
1.201 9 8.765980560627094 3.405664570560111 -2.61690236931831
1.201 1.0 5.353354224129503 2.015248876056162 -2.9714084110012853
1.201 2.0 4.460364793049547 2.688177059747431 -2.2642657072395256
