6.302 9 5.439068820168956 -3.5885907807799517 2.0956822697190938
6.302 4.0 5.8062702103123085 -1.0930537412300996 0.36921787896439406
6.301 5.0 2.998230645396877 0.013935829451133112 -2.1012019194560656
6.302 10.0 2.462527455144513 -4.0294517226614195 2.7250998679647864
6.301 11.0 1.8983778102476503 -1.0973138411781593 1.6171363902299758
6.301 12.0 4.42772834782158 -0.019730544962229105 1.233100678684382
6.301 9 -0.002072777132760137 1.871610299466414 0.0002888983242464067
6.301 13.0 2.9099466849707882 4.505435878434408 1.214652790566225
6.301 9 7.744653943143415 5.17020342828386 -2.6169023693178186
6.301 1.0 5.348995933678406 2.0024459111311836 2.590523100212123
6.301 2.0 4.480929580281641 2.6900565961171328 -1.9732208964636593
6.302 10.0 2.461304929321672 -4.0695204494609065 2.064861840393072
