3.601 9 4.389577887645507 -4.196317154285571 2.095682269718285
3.601 4.0 5.799930652156355 -1.169548726918789 0.21108327700638796
3.601 5.0 3.017817081664986 -0.019895386932437392 -2.255321672524615
2.901 10.0 1.5328636363124888 -5.343619491645226 -1.6688968515482179
3.601 11.0 1.90284420025195 -1.379812753372839 1.3046229701680616
3.601 12.0 4.047544498149077 -1.3269995117024131 1.2613343659898
3.601 9 -0.0024619158825376704 3.2186102432589037 0.0002888875008666155
3.601 13.0 2.896763405208375 4.513874047085572 -0.04199613520180767
3.601 9 8.285073383471289 4.2365245388820725 -2.616902369318314
3.601 1.0 5.3682167073317775 2.006012076287393 -3.1358400872334773
3.601 2.0 4.492728630256217 2.705168005129171 -2.149683466519519
