3.201 9 4.233809289126195 -4.2865177292025445 2.0956822697182838
3.201 4.0 5.815961488906042 -1.1054941629646735 0.18269193851262022
3.201 5.0 3.0129384589084136 -0.026977767230083494 -2.2526370205229274
2.901 10.0 1.5328636363124888 -5.343619491645226 -1.6688968515482179
3.201 11.0 1.9279207792545878 -1.3670224749106146 1.5370923940201937
3.201 12.0 3.987638178923924 -1.5156333795386914 1.386836360059915
3.201 9 -0.002519693220765014 3.4186102349133694 0.0002888858935874936
3.201 13.0 2.911921772531492 4.46297375659714 -0.19771723192556712
3.201 9 8.36522457966386 4.098047877495073 -2.616902369318312
3.201 1.0 5.356726243666435 2.0037833563168506 2.702416050475847
3.201 2.0 4.499613737403996 2.703521595279714 -1.8697879828756798
