6.402 9 5.478400391294992 -3.565815135614238 2.0956822697195725
6.401 4.0 5.82380515002459 -1.0907009312459797 0.2865445454330011
6.401 5.0 3.0075626269671734 -0.02074080258936855 1.256224050065951
6.402 10.0 2.44925302123611 -3.9738347612715157 2.067473209287889
6.401 11.0 1.9177621415457693 -1.0946263534443235 1.5745516040893321
6.401 12.0 4.448182716856394 0.022980518001398192 1.113832857373236
6.401 9 -0.0020580433112826813 1.8206103015969322 0.00028889873649762525
6.401 13.0 2.9292867341746267 4.516024625107135 1.264238729021029
6.401 9 7.725016900077987 5.204130210323546 -2.616902369316689
6.401 1.0 5.351325679203002 1.9912533482890513 2.536479640647542
6.401 2.0 4.482304109971756 2.6869868648554727 -1.9958190138469194
