4.101 9 4.584288635794648 -4.083566435639367 2.095682269718284
4.101 4.0 5.81610534800879 -1.081896965586235 0.21903038659297902
4.101 5.0 3.0234550363916686 -0.02428373285401471 -2.2363128562315033
2.901 10.0 1.5328636363124888 -5.343619491645226 -1.6688968515482179
4.101 11.0 1.873935906787772 -1.3209934699951589 1.2478529075812264
4.101 12.0 4.121529737243113 -1.1034073209670048 1.3096846405526348
4.101 9 -0.002389693757701726 2.968610253690992 0.00028888951000329813
4.101 13.0 2.9068860917586314 4.512288442205967 0.1645928863219761
4.101 9 8.184884388230593 4.4096203656158215 -2.616902369318315
4.101 1.0 5.363832007165703 1.9925408781799594 -3.0764113975512792
4.101 2.0 4.485529724725651 2.6876089646423065 -2.0192082060079386
