5.701 9 5.206194765382792 -3.7234406402785196 2.095682269719333
5.701 4.0 5.789221951043709 -1.109216117372816 0.17005324998208948
5.701 5.0 3.0049428926088133 -0.007461001519363599 -2.1363697041564307
5.102 10.0 2.480213388738218 -4.644748486274211 -2.1999096250648713
5.702 11.0 1.8800490585057879 -1.1573971134676537 1.4206016058482924
5.701 12.0 4.354083174390722 -0.2941565152518865 1.2585584781191543
5.702 9 -0.0021593018247708035 2.171110286971759 0.00028889592106330983
5.701 13.0 2.9318246130927914 4.506558181627822 1.0219145790780035
5.701 9 7.864880737432381 4.962488436203371 -2.6169023693178373
5.701 1.0 5.349312658150861 2.00145585453833 3.1334747503341576
5.701 2.0 4.484821569385501 2.70317020655586 -1.895225750796239
