3.101 9 4.194867139496388 -4.309067872931794 2.0956822697182838
3.101 4.0 5.821612809657042 -1.0746614287182414 0.18377118723001518
3.101 5.0 3.0187833037541507 -0.01741513595760169 -2.246107033865467
2.901 10.0 1.5328636363124888 -5.343619491645226 -1.6688968515482179
3.101 11.0 1.9244955972913316 -1.3814379246985828 1.645856446411246
3.101 12.0 3.972533443325867 -1.5365871278738823 1.5039530534937402
3.101 9 -0.0025341375050945756 3.4686102328269994 0.0002888854917719109
3.101 13.0 2.940261597845552 4.450224087883532 -0.32326123436303056
3.101 9 8.38526237871206 4.0634287121483235 -2.616902369318312
3.101 1.0 5.352217480741639 2.0062138011662443 2.9934994396146966
3.101 2.0 4.501898679971065 2.708263609527422 -1.733350388185993
