5.201 9 5.011484017234028 -3.83619135892472 2.095682269715485
5.201 4.0 5.818371466614562 -1.0948019072130655 0.26393771805685473
5.201 5.0 3.0132505242195267 -0.010571072243046414 -2.1805051742975894
5.102 10.0 2.480213388738218 -4.644748486274211 -2.1999096250648713
5.201 11.0 1.8703540242792016 -1.214595504239004 1.2996441385925883
5.201 12.0 4.293146543073992 -0.5543410590889585 1.2679856083393122
5.201 9 -0.002231381102821106 2.420610276558588 0.00028889391417770427
5.201 13.0 2.9472623659803188 4.56105450797339 0.732497278884098
5.201 9 7.965270110662804 4.789046417816199 -2.616902369318315
5.201 1.0 5.352913613625737 1.9913184403773208 -3.092498145957441
5.201 2.0 4.469805039379594 2.7019290740194375 -1.921859367649731
