8.902 9 6.451954132039584 -3.0020615423818935 2.0956822697195725
8.802 4.0 5.788132675574145 -1.0327083384781988 0.924408232619627
8.902 5.0 3.0055622972082645 -0.04404015178397083 0.8435519235788598
8.902 10.0 2.436733951172432 -2.786323849459021 1.4399256763304824
8.902 11.0 1.9287278565888102 -0.8740547076701337 1.205947961567205
8.901 12.0 4.799965073340498 1.2236225052651217 1.43811934773479
8.902 9 -0.0016970580753918483 0.5711103537434015 0.00028890878138813155
8.901 13.0 2.8949836067954076 4.503599744274904 2.521280836583005
8.901 9 7.224071923872762 6.0696093439915275 -2.6169023693126143
8.901 1.0 5.355410258848109 2.0111759632819526 -3.101959496710568
8.901 2.0 4.499471736714637 2.7007755732752035 -1.912958680742129
