6.102 9 5.361573942405768 -3.6334655668021476 2.095682269719805
6.102 4.0 5.803243920909403 -1.0946222306897648 0.15551710763331839
6.102 5.0 3.01540766115934 -0.004137346341458514 -2.1456290166938627
5.102 10.0 2.480213388738218 -4.644748486274211 -2.1999096250648713
6.102 11.0 1.8855284937195838 -1.1412685759088694 1.5366055941985217
6.102 12.0 4.4119520728675585 -0.10740069400170849 1.250316020014064
6.102 9 -0.002101089129574273 1.9696102953767793 0.00028889753658770345
6.102 13.0 2.922166508632171 4.505333552374622 1.1257468004419788
6.102 9 7.784128407267426 5.1020036725508175 -2.6169023693183155
6.102 1.0 5.348397268832898 1.9943056883710883 2.727514475314949
6.102 2.0 4.4935773575507 2.6916415994232357 -1.9472535123286665
6.102 10.0 2.4631052261712783 -4.128057819388767 1.5516431395089292
