9.302 9 6.606943887565978 -2.912311970341068 2.095682269720727
8.802 4.0 5.788132675574145 -1.0327083384781988 0.924408232619627
9.301 5.0 2.9948476909826223 -0.045382755910436154 0.8960273768063636
9.301 10.0 2.4401089786427113 -2.5909135635986544 1.5275165205739927
9.301 11.0 1.9449630606398816 -0.8125704878847272 1.2661021714948606
9.301 12.0 4.837965878206717 1.4175039431373295 1.320876326409502
9.301 9 -0.0016392761598927176 0.3711103620902754 0.000288910389049503
9.301 13.0 2.8872827722423935 4.486018412355289 2.727563020913898
9.301 9 7.143920727680662 6.208086005377969 -2.616902369314381
9.301 1.0 5.364624629939637 1.9976449507474985 -2.9615820650300013
9.301 2.0 4.496609231789348 2.6926820519963415 -1.85526274806817
