7.002 9 5.711663867577442 -3.4307397746749078 2.0956822697190938
7.002 4.0 5.800787967252014 -1.106279770538627 0.3225128788887959
7.002 5.0 2.9982452172432996 0.005369853996923437 1.0757863064005289
7.002 10.0 2.4556298665561473 -3.6978948957437785 1.624883568671196
7.001 11.0 1.9039292340583405 -1.0417085423378047 1.0636727146263922
7.001 12.0 4.53499190211255 0.2654744317854486 1.297783138257441
7.001 9 -0.00197137333047333 1.5206103141164016 0.0002889011477481668
7.002 13.0 2.908102882417186 4.546730266791314 1.6129742999269876
7.002 9 7.604589727795908 5.412191394057797 -2.616902369318323
7.002 1.0 5.3494539461220345 1.988545888765658 2.5814929613152504
7.002 2.0 4.50035478681064 2.705103428180803 -1.963516892072764
