0.701 9 3.2602555483809983 -4.850271322433644 2.0956822697182824
0.701 4.0 5.80505497422544 -1.0521871317664577 0.5977479282876184
0.701 5.0 3.00904875926223 0.006612753829323412 0.8603496093943175
0.601 10.0 1.5677478987756226 -4.224249071259673 -1.520028111943313
0.701 11.0 1.8525861207906344 -1.5821879008863853 1.5780825678368737
0.701 12.0 3.6265899354218973 -2.725966829447416 1.3382386229052279
0.701 9 -0.0028807943019827317 4.668610182755718 0.00028887584870236464
0.701 13.0 2.8687790331999725 4.482855756955313 1.845361604233032
0.701 9 8.866169555867907 3.232568743826362 -2.6169023693183093
0.701 1.0 5.332509475910598 2.0339659470903104 -3.1383842409232288
0.701 2.0 4.475534103595081 2.700708221328658 -1.9121530831435352
