8.302 9 6.218301234260882 -3.1373624047577184 2.0956822697195725
8.201 4.0 5.801293113577399 -1.0540552686002722 0.41749518999121626
8.301 5.0 3.0091323280205486 -0.030827886337618182 0.8780576631693158
8.301 10.0 2.4469161199038414 -3.0623739196934237 1.5230590746073043
8.301 11.0 1.913048633884412 -0.9031360620331086 1.222909753051213
8.301 12.0 4.735581244219967 0.9229915111880719 1.221873854127339
8.301 9 -0.001783874793460193 0.8716103411986904 0.0002889063619485505
8.301 13.0 2.8195865809494887 4.603818446324684 2.2521567148991
8.301 9 7.344298718162693 5.861894351911335 -2.616902369313261
8.301 1.0 5.365251070886195 2.00565120448777 2.5541486370807083
8.301 2.0 4.498703896685438 2.6985062251515997 -1.9763322470211404
