1.801 9 3.6886191943088495 -4.6022197414119645 2.0956822697182824
1.801 4.0 5.78805166850862 -1.0090800388277585 -2.836491099829087
1.801 5.0 2.998135531665118 -0.009756019969033504 0.8164847631647629
1.801 10.0 1.5316559186063676 -4.85045978144731 -1.9091406877934824
1.801 11.0 1.860244784571938 -1.5034866150003756 1.4524658385773828
1.801 12.0 3.781032946351961 -2.1648205810476666 1.005727185015767
1.801 9 -0.0027219113731515804 4.118610205704647 0.0002888802683222216
1.801 13.0 2.9411832461155663 4.397095450491804 -1.014278494914783
1.801 9 8.645753766338212 3.6133795626406218 -2.61690236931831
1.801 1.0 5.3511632592444816 2.0092244905711905 3.0233964439870293
1.801 2.0 4.490092488842697 2.6980411202477903 -1.8907280925233008
