10.101 9 6.918481084604248 -2.7319108205067133 2.095682269720727
10.101 4.0 5.819838588458954 -1.0304989421882007 -3.018189845091305
10.202 5.0 2.999503680824356 -0.04161833882912103 -2.2483597294870745
10.202 10.0 2.4338157835474092 -2.17010787169616 1.567466686528551
10.202 11.0 1.9479563243423312 -0.7575196530703396 0.7340633886702808
10.202 12.0 5.011808505043869 1.837434009457576 1.2443099720891588
10.202 9 -0.001509265674605104 -0.0788896191290224 0.0002889140065777419
10.202 13.0 2.9593853301854334 4.373088294521566 -2.9969020104763118
10.101 9 6.983618335294569 6.48503932815178 -2.6169023693137734
10.101 1.0 5.388731234634909 2.086492848948397 -3.0436938780841922
10.202 2.0 4.46722761058327 2.665126245658629 -1.9902591324207393
