2.301 9 3.8833299424579075 -4.489469022765736 2.0956822697182824
2.301 4.0 5.79492663118987 -1.0761788789134483 -2.936110427037132
2.301 5.0 3.0091745768069984 0.007606922729904153 -2.2697753815117547
2.301 10.0 1.535231300293213 -5.089538196840177 -1.2347805317342169
2.301 11.0 1.9221122945933327 -1.4516585255209409 1.611162102605932
2.301 12.0 3.859111522066086 -1.9421725261981848 1.327499455597036
2.301 9 -0.0026496910564712925 3.8686102161362284 0.0002888822773077127
2.301 13.0 2.948599365866131 4.4208210758694655 -0.7731944536945248
2.301 9 8.545564771097407 3.786475389374371 -2.616902369318311
2.301 1.0 5.347836130899859 2.013084623213036 -2.92697588287292
2.301 2.0 4.508639264127682 2.693981109486729 -1.9024468298700536
