1.001 9 3.377081997270416 -4.782620891245905 2.095682269718282
1.001 4.0 5.775625072027307 -0.9766320710020573 0.18161465122247256
1.001 5.0 3.023336947965354 0.007078794847351157 0.8591333170130309
1.001 10.0 1.5625373768156314 -4.400836852327798 -1.7168250060167547
1.001 11.0 1.8514572117667698 -1.5718767258554665 1.4301030252238438
1.001 12.0 3.6478276388240265 -2.5430796169814585 1.0661460719122617
1.001 9 -0.002837462835182609 4.518610189014437 0.00028887705403286655
1.001 13.0 2.9962947881171305 4.456434154914485 1.7424804619563865
1.001 9 8.806056158723406 3.3364262398666114 -2.6169023693183093
1.001 1.0 5.340471998129087 2.0308038406354463 -2.9299264699909204
1.001 2.0 4.47117057766039 2.693549173038228 -1.9580060422995715
