4.001 9 4.54534648616482 -4.106116579368594 2.095682269718284
4.001 4.0 5.8093412858907865 -1.0861043308651983 0.237416035320396
4.001 5.0 3.02414137478947 -0.01027743748047244 -2.2448767921891024
2.901 10.0 1.5328636363124888 -5.343619491645226 -1.6688968515482179
4.001 11.0 1.8757115362179526 -1.3354275664391921 1.3165072463166878
4.001 12.0 4.1205703654446895 -1.1270129405712708 1.2688391868134685
4.001 9 -0.0024041382228517376 3.0186102516045556 0.00028888910817260544
4.002 13.0 2.9284154714864954 4.486746365818199 0.12555812907227026
4.002 9 8.204922187278749 4.375001200269072 -2.616902369318315
4.001 1.0 5.366502131845637 1.9790309486638398 3.0949840642963053
4.002 2.0 4.498581065564418 2.7000886771940644 -2.145163126513687
