7.201 9 5.789937588333261 -3.3854139857798824 2.0956822697195725
7.201 4.0 5.814025612958417 -1.0909510484730705 0.2525867287192063
7.201 5.0 3.0009826234859482 -0.03749725946179779 0.8934404872923754
7.201 10.0 2.4566359364230013 -3.6063702694581607 1.5539358321699819
7.201 11.0 1.9342233273271745 -0.9970997589150354 1.2868105236563405
7.201 12.0 4.5658620075400105 0.35853587404018095 1.1954209529429338
7.201 9 -0.0019424831761190625 1.4206103182896022 0.0002889019515117679
7.202 13.0 2.9060941854864897 4.503118310573034 1.6697749037951937
7.202 9 7.564514129700653 5.481429724751017 -2.6169023693166937
7.202 1.0 5.34974825186863 2.005122578819771 2.6157190993545147
7.202 2.0 4.497408037039636 2.686908560123683 -1.9545262315610967
