5.002 9 4.9335997179744515 -3.8812916463832208 2.095682269715413
5.002 4.0 5.813172399894558 -1.0967273839853307 0.2735788885584918
5.001 5.0 2.996261461842794 -0.012016736715961727 -2.2326056391961657
5.002 10.0 2.4947384732700626 -4.698447021969055 -1.5454835271950085
5.001 11.0 1.888163555266407 -1.2172503918820121 1.5068511047593018
5.001 12.0 4.243108574965648 -0.6478865057897878 1.2600093743800778
5.001 9 -0.0022596926672204354 2.5186102724690658 0.00028889312655507477
5.001 13.0 2.9534198253695623 4.550522200428219 0.6133729851629552
5.001 9 8.00454419679719 4.72119285373657 -2.616902369318315
5.001 1.0 5.354011195637855 1.9812579422007786 3.0741202718403158
5.001 2.0 4.495181574997682 2.7013657715703756 -1.9107179076440417
