6.501 9 5.516953119428523 -3.543490493321378 2.0956822697190938
6.501 4.0 5.817687587497177 -1.1147674015424278 0.21046782174393508
6.501 5.0 3.001154425968421 -0.03224017004530484 0.977906885523975
6.501 10.0 2.451531359480665 -3.9552160724854497 1.793077996757138
6.501 11.0 1.9159559659700403 -1.0760102638386395 1.503000778226464
6.501 12.0 4.46051355125253 0.08185629339194903 1.097401734354154
6.501 9 -0.00204359836471537 1.7706103036834964 0.000288899138368523
6.501 13.0 2.9273620658031216 4.512387808267681 1.3029061098296584
6.501 9 7.70457834504711 5.239441758977377 -2.616902369317844
6.501 1.0 5.3495586842931555 1.9896283761401907 2.559773466712769
6.501 2.0 4.480819389529502 2.684089317741123 -1.9738502316984718
