1.401 9 3.532850595789626 -4.692420316328922 2.0956822697182824
1.401 4.0 5.781208186354657 -1.0107444834683292 -2.950127773317976
1.401 5.0 3.0146447311212983 -0.008428723800353949 0.8595679838850554
1.401 10.0 1.5174020256565284 -4.65588402453788 -2.2401430583086244
1.401 11.0 1.8529389493061068 -1.5374725281906183 1.24836898484432
1.401 12.0 3.7181139619351153 -2.3396594363032386 1.0784318408980105
1.401 9 -0.0027796872648814712 4.318610197359489 0.0002888786611640981
1.401 13.0 2.9287614362281555 4.415602992112803 1.9469985433212091
1.401 9 8.725904962530768 3.4749029012536186 -2.6169023693183093
1.401 1.0 5.352109263288064 2.0076105201434897 3.107486586132925
1.401 2.0 4.467564215593304 2.668227384263914 -1.915865633523691
