7.301 9 5.828879737963045 -3.3628638420505883 2.0956822697195725
7.301 4.0 5.78965210466639 -1.096094090089744 0.34680593648287816
7.302 5.0 3.006135540738275 -0.028825402959062024 0.8889129186761786
7.301 10.0 2.45083429397031 -3.5314454692804507 1.5941923324141225
7.302 11.0 1.9068625065561138 -1.0058841409627886 0.9446988726747443
7.301 12.0 4.5849899541872166 0.4203687754562742 1.7877401205139731
7.302 9 -0.0019280380688007097 1.3706103203762106 0.0002889023533960859
7.301 13.0 2.9017091612580774 4.511234027308233 1.7056777615754664
7.301 9 7.544676708644492 5.515702698444361 -2.616902369316878
7.301 1.0 5.34825030321703 2.0031883954485794 2.5960670257050715
7.301 2.0 4.491836369771843 2.691113551521398 -1.9532585747767959
