5.801 9 5.24435807202007 -3.701341499426457 2.0956822697191786
5.801 4.0 5.799435516565283 -1.1004074062693452 0.18834996857934705
5.801 5.0 3.00792288258162 0.0038982993472494653 -2.116317568961607
5.102 10.0 2.480213388738218 -4.644748486274211 -2.1999096250648713
5.801 11.0 1.8900524790489874 -1.1458215275520434 1.5393709052349038
5.801 12.0 4.376786158025373 -0.2253273868102854 1.2591648063678154
5.801 9 -0.002144568121288235 2.120110289099008 0.0002888963298039894
5.801 13.0 2.9346286836033992 4.511362475423946 0.9716074009134754
5.801 9 7.845043316373824 4.996761409896698 -2.6169023693183155
5.801 1.0 5.351595139545691 1.9995955775758494 3.1322412733928555
5.801 2.0 4.491929080440999 2.701138269022287 -1.9186079226828188
