8.102 9 6.140806356497924 -3.18223719077414 2.0956822697167485
8.102 4.0 5.794473976975938 -1.056866384285412 0.5265204820890326
8.102 5.0 3.011972048458162 -0.028245814943245323 0.9856843490830904
8.102 10.0 2.449392862721594 -3.1602943121141536 1.5631607513885202
8.102 11.0 1.9066519140071123 -0.9143282506077646 1.354332691813001
8.102 12.0 4.6995795829825315 0.8249438380211419 1.3003791313628854
8.102 9 -0.0018124764868535453 0.9706103370693191 0.00028890556853102575
8.102 13.0 2.8767210266343612 4.534886526306499 2.1657605865625005
8.102 9 7.384374316258575 5.79265602121811 -2.616902369314594
8.102 1.0 5.360605365894294 2.004260553136822 2.5875495611045447
8.102 2.0 4.505681220227675 2.702710354975043 -1.9791037290924722
