10.101 9 6.918481084604248 -2.7319108205067133 2.095682269720727
10.101 4.0 5.819838588458954 -1.0304989421882007 -3.018189845091305
10.102 5.0 2.998163394996106 -0.0352025196189074 -2.291557305881763
10.102 10.0 2.4326776163441033 -2.19257476927962 1.5373391590197518
10.102 11.0 1.9496528756258344 -0.7431462240912408 0.8460073999245599
10.101 12.0 4.970169994462203 1.7820952660520075 1.287356984669627
10.102 9 -0.0015238558164204093 -0.02838962123967017 0.00028891359511253506
10.101 13.0 2.869147383696908 4.490816904814137 -3.1252812909785668
10.101 9 6.983618335294569 6.48503932815178 -2.6169023693137734
10.101 1.0 5.388731234634909 2.086492848948397 -3.0436938780841922
10.101 2.0 4.49472134154283 2.697162424280149 -1.789080669533835
