2.601 9 4.000156391347359 -4.42181859157801 2.0956822697182824
2.601 4.0 5.839245290710689 -1.0908243084322093 0.2143059910973546
2.601 5.0 3.0056951938445895 -0.0021570127541870876 -2.2946693058043275
2.501 10.0 1.5471752367745082 -5.159312094329026 -1.2092741982254536
2.601 11.0 1.9198679571452488 -1.4279366003658867 1.3800553146859338
2.601 12.0 3.8898882393332697 -1.7803561324028718 1.2539420266344568
2.601 9 -0.002606358625382885 3.7186102223952266 0.00028888348271918643
2.601 13.0 2.9372373117795427 4.427865370300179 -0.601025959218239
2.601 9 8.48545137395294 3.8903328854145975 -2.616902369318312
2.601 1.0 5.35894897422225 2.018163317167544 -3.1226406895763628
2.601 2.0 4.509615624399903 2.701347134698669 -1.923442148156966
