2.501 9 3.961214241717541 -4.444368735307248 2.0956822697182824
2.501 4.0 5.810720721778534 -1.088161902432283 0.27206980602350206
2.501 5.0 3.01258350884919 -0.0002627730036571796 -2.247071674092683
2.501 10.0 1.5471752367745082 -5.159312094329026 -1.2092741982254536
2.501 11.0 1.9237634448720562 -1.430892862004796 1.4983487192650964
2.501 12.0 3.8811822830887306 -1.83026773278272 1.332066430588009
2.501 9 -0.002620802789169234 3.768610220308884 0.0002888830809136795
2.501 13.0 2.9431434015675175 4.437997466079026 -0.631223162779377
2.501 9 8.505489173001095 3.855713720067859 -2.616902369318312
2.501 1.0 5.3360733665358 2.0302717693227876 -2.9660009642990968
2.501 2.0 4.505665127292964 2.710297236528496 -1.9142118922772413
