0.048 9 3.006494417683548 -4.996760042224361 2.09512336906592
0.048 4.0 5.784717357537549 -1.0957029686543636 0.7274111097733176
0.057 5.0 3.0164807069839408 -0.009692413792643545 0.8583015366881881
0.048 10.0 1.5436183745254528 -4.052016415020018 -1.6442694519228702
0.048 11.0 1.8424363834207051 -1.612515148783685 1.609286982385317
0.057 12.0 3.5441522310363496 -3.005576077957728 1.2492227589161828
0.047 9 -0.0011553261087745717 4.9927446294095565 9.719877291255694e-06
0.057 13.0 2.9058002965874867 4.497329487270326 1.301781432279924
0.057 9 8.99497432806695 3.0099777220682125 -2.616902366825311
0.057 1.0 5.316546381470938 2.0613033600522237 3.1414441947602505
0.057 2.0 4.470818644441603 2.689331381184232 -1.8964002286874937
