3.701 9 4.4285200372753355 -4.173767010556321 2.095682269718284
3.701 4.0 5.826056339938402 -1.1219051945971068 0.1335883577063086
3.701 5.0 3.0182100944429004 -0.016987075032985077 -2.2543430236611366
2.901 10.0 1.5328636363124888 -5.343619491645226 -1.6688968515482179
3.701 11.0 1.8887208778263873 -1.3757386353386987 1.2894678366535048
3.701 12.0 4.0655242133506455 -1.273848197255967 1.2175781790276714
3.701 9 -0.0024474714977531418 3.168610245345302 0.0002888879026905963
3.701 13.0 2.879703609916361 4.50785282789005 -0.009343431453466167
3.701 9 8.265035584423178 4.271143704228822 -2.616902369318314
3.701 1.0 5.359699174054631 2.006058254788958 -3.13216584744578
3.601 2.0 4.492728630256217 2.705168005129171 -2.149683466519519
