6.202 9 5.400126670539172 -3.6111409245092427 2.0956822697190938
6.202 4.0 5.805225038861272 -1.0924552181072187 0.2870789829759297
6.202 5.0 3.00904533629913 -0.0005034783536710542 -2.066315291263085
5.102 10.0 2.480213388738218 -4.644748486274211 -2.1999096250648713
6.201 11.0 1.892258091265301 -1.1277722345928878 1.5321869048935794
6.202 12.0 4.414258504893733 -0.06419655145245845 1.1961330137278927
6.201 9 -0.002087077595271969 1.9211102974044372 0.00028889793037585593
6.202 13.0 2.919345641543549 4.4996153972583475 1.167592181703509
6.202 9 7.765092498174302 5.134891879630052 -2.616902369316704
6.202 1.0 5.352824872149142 2.0017043050091994 2.6033472289623822
6.202 2.0 4.483996649687641 2.6929400762699394 -1.9928029596197083
6.202 10.0 2.4600824034988316 -4.109589176260394 1.4046238128213577
