7.702 9 5.98464833648218 -3.272663267133446 2.0956822697195716
7.702 4.0 5.810740236440269 -1.0843232989059965 0.22965574899050667
7.701 5.0 3.011482632891086 -0.024545200220514346 0.8848789665273311
7.701 10.0 2.448434021213246 -3.36486296254143 2.1397177974375814
7.702 11.0 1.890750570238176 -0.9538779407151536 1.5867243472609225
7.701 12.0 4.6458527495049555 0.6183905081182584 1.222553107457507
7.701 9 -0.0018704018927332465 1.1711103287033262 0.0002889039585650628
7.701 13.0 2.9231500862719626 4.479229930137345 1.5511225830463924
7.701 9 7.464525512452656 5.654179359830977 -2.6169023693150697
7.701 1.0 5.360300841727681 2.0023041690438252 2.6014049955299745
7.701 2.0 4.497317850012964 2.6850717104921875 -1.935840651758595
