6.802 9 5.633779568317874 -3.475840062133496 2.0956822697190938
6.801 4.0 5.821962281641289 -1.1501347833539484 0.4954232525720519
6.802 5.0 3.0171778137538077 -0.02136505315343276 0.8809469655132625
6.802 10.0 2.4629811836237305 -3.7874606358893734 1.490469938900917
6.802 11.0 1.8961751471483743 -1.0465549925837179 1.4804249463973655
6.802 12.0 4.500505171710557 0.20556234680576652 1.208005628374309
6.802 9 -0.0020002634044515772 1.6206103099432216 0.00028890034399127777
6.801 13.0 2.914659426479979 4.532616527600748 1.480408980388872
6.801 9 7.644665325892237 5.342953063364267 -2.616902369318322
6.801 1.0 5.35362359607005 1.9968344931110356 2.5978472258460643
6.801 2.0 4.492894332679172 2.6946398122454944 -1.9813842339113141
