1.701 9 3.6496770446790436 -4.624769885141199 2.0956822697182824
1.701 4.0 5.829343443869062 -1.0182167887625482 -2.8608881489548237
1.701 5.0 3.000505601584371 -0.005694270049985628 0.8446968336298504
1.601 10.0 1.5514756932682494 -4.700204096633477 -2.1803708330902607
1.701 11.0 1.8567019460020842 -1.5077259744695666 1.421818143512838
1.701 12.0 3.7702252198260044 -2.2009904991531766 0.4757236386934318
1.701 9 -0.0027363553762183327 4.168610203618355 0.0002888798665301689
1.701 13.0 2.938111306022181 4.398761611664006 -1.0491085887003644
1.701 9 8.665791565386368 3.578760397293872 -2.6169023693183107
1.701 1.0 5.35686176636888 2.002491354639136 3.1092899252632864
1.701 2.0 4.500996775256523 2.7052254955901565 -1.8811665837297822
