0.901 9 3.33813984764061 -4.805171034975139 2.0956822697182824
0.901 4.0 5.791351743790877 -1.0005967519193542 0.16309614374185122
0.901 5.0 3.021197495300319 0.01102708081512122 0.8289629061415247
0.901 10.0 1.5680091931240496 -4.357307389714084 -1.903461275109314
0.901 11.0 1.8480136642621696 -1.5734289469515033 1.555286026384466
0.901 12.0 3.646894341627587 -2.5951820570193913 1.2572109065069887
0.901 9 -0.0028519066775359063 4.5686101869281766 0.0002888766522542243
0.901 13.0 3.0610305864593905 4.533840495740172 2.0216201245170033
0.901 9 8.826093957771596 3.3018070745198616 -2.6169023693183093
0.901 1.0 5.346100980098726 2.016211659540816 3.0536533454426067
0.901 2.0 4.473538533137974 2.6863274050920856 -1.8522575080969959
