3.801 9 4.467462186905164 -4.151216866827071 2.095682269718284
3.801 4.0 5.835623613695661 -1.0688804057572565 0.39046737071150295
3.801 5.0 3.0189535270104173 -0.013617716769650678 -2.251380255382373
2.901 10.0 1.5328636363124888 -5.343619491645226 -1.6688968515482179
3.801 11.0 1.8914689318863904 -1.3511896679931366 1.2279817416643697
3.801 12.0 4.082430295395106 -1.2262684355041613 1.2649243537446209
3.801 9 -0.002433027092877364 3.1186102474317163 0.000288888304516253
3.801 13.0 2.922958438730338 4.517794351298786 0.05962052652909211
3.801 9 8.24499778537506 4.305762869575572 -2.616902369318315
3.801 1.0 5.367975970198528 2.000034987799771 3.0421069353684116
3.801 2.0 4.503385035736061 2.699605946262289 -1.9778970355870955
