4.601 9 4.777831119455199 -3.9714922213001866 2.095682269715463
4.601 4.0 5.821853518819989 -1.0860877695576971 0.1871899429790127
4.601 5.0 3.094566043705438 -0.002817679111338192 -1.7173778373299387
4.601 11.0 2.456340136145495 -4.852673583179335 1.3983687523845574
4.601 11.0 1.8710839357645497 -1.3062471556735762 1.3887993039978257
4.601 12.0 4.239703730732799 -0.8321410430768796 1.2899473372928245
4.601 9 -0.002317471130576273 2.7186102641232037 0.00028889151918194944
4.601 13.0 2.899284548840043 4.536226739235317 0.2967420148340616
4.601 9 8.084695392989813 4.5827161923495705 -2.616902369318315
4.601 1.0 5.366933866793694 2.0187316741076864 -3.0339095200484243
4.601 2.0 4.46857595278233 2.6894028696623478 -1.9408611209853668
