9.402 9 6.646275458692251 -2.8895363251718598 2.095682269719093
8.802 4.0 5.788132675574145 -1.0327083384781988 0.924408232619627
9.402 5.0 2.9981664560138803 -0.032104112862610834 0.9045551807820651
9.402 10.0 2.4398035706442514 -2.5212735806219584 1.4973331756907142
9.402 11.0 1.943101952002808 -0.7901157065303513 0.8815796442347206
9.402 12.0 4.869303248538461 1.485961267765437 1.3160229139990187
9.402 9 -0.001624975080674573 0.3216103641524336 0.0002889107829707801
9.402 13.0 2.9135310821317626 4.477654249744916 2.8077945386645977
9.402 9 7.123882928632517 6.242705170725104 -2.616902369313562
9.402 1.0 5.368395380101583 1.9974855631584416 -3.0487348652376376
9.402 2.0 4.506494821978797 2.7023012470932253 -1.8884868537057609
