1.901 9 3.7275613439386555 -4.579669597682732 2.095682269718284
1.901 4.0 5.762713908598432 -1.034964452265504 -2.489976531654367
1.901 5.0 3.0122465349933716 -0.002844197266592602 -2.3410645902732052
1.801 10.0 1.5316559186063676 -4.85045978144731 -1.9091406877934824
1.901 11.0 1.905889821809534 -1.4728911188166591 1.298190361644859
1.901 12.0 3.794060058837373 -2.0664868368777394 0.8928502062328576
1.901 9 -0.0027074673499951725 4.068610207790954 0.00028888067011595593
1.901 13.0 2.9437293111554044 4.415754087396156 -0.9517817131638076
1.901 9 8.625715967290056 3.6479987279873716 -2.61690236931831
1.901 1.0 5.350598170180978 2.0096514257343427 2.804625611871897
1.901 2.0 4.517610030915272 2.721830712266642 -1.914082283182575
