0.501 9 3.182371249121297 -4.895371609892209 2.095682269718025
0.048 4.0 5.784717357537549 -1.0957029686543636 0.7274111097733176
0.501 5.0 3.0166087884615966 -0.004448047913418837 0.8474842746448967
0.501 10.0 1.582570520085878 -4.183311256325023 -1.697073159226698
0.501 11.0 1.855071369864029 -1.5954348930886366 1.6173485580938793
0.501 12.0 3.5940911950868784 -2.801032923798786 1.2934073469650582
0.501 9 -0.0029096818460832823 4.768610178583394 0.00028887504481072
0.501 13.0 2.8948062812260034 4.447924074005886 1.5484364171219323
0.501 9 8.906245153964248 3.163330413132795 -2.616902369318508
0.501 1.0 5.335604172325849 2.0304292025437967 -2.933517324982189
0.501 2.0 4.496899025653082 2.698971268735379 -1.8602208414026484
