7.601 9 5.945316765356144 -3.2954389122991654 2.0956822697190933
7.601 4.0 5.799242734381108 -1.0907390843511469 0.24414587655350495
7.601 5.0 3.018452252286375 -0.019501960356502722 0.8307674260098037
7.601 10.0 2.4472622936510415 -3.4419185183409633 2.2437193722683486
7.601 11.0 1.9074272605177058 -0.9678545800792286 1.3975194160012894
7.601 12.0 4.6251621062921675 0.5652459729959556 1.3837557788774553
7.601 9 -0.0018847026262797635 1.2206103266360797 0.00028890355905911294
7.602 13.0 2.9285421649692456 4.523773246801561 1.8643012185322299
7.602 9 7.484563311500879 5.619560194484255 -2.616902369315071
7.602 1.0 5.350949636518006 2.00130438974745 2.600734914311827
7.602 2.0 4.49876569250385 2.6910450277123408 -1.9643898908980129
