9.201 9 6.568391159432683 -2.934636612630448 2.095682269719093
8.802 4.0 5.788132675574145 -1.0327083384781988 0.924408232619627
9.202 5.0 2.9926986684726535 -0.05180205122103716 0.8729229950039272
9.202 10.0 2.442176662371586 -2.630899714630746 1.6186685327203918
9.102 11.0 1.953840044465346 -0.8037501202498434 1.1678280841678834
9.202 12.0 4.829853742761225 1.3528849047009823 1.281541909918499
9.202 9 -0.0016537216689111907 0.4211103600035478 0.0002889099871316434
9.202 13.0 2.8775921719266853 4.497920881976044 2.6779157192768195
9.202 9 7.163758148735855 6.173813031685103 -2.6169023693156808
9.202 1.0 5.362248114041083 2.005556979012631 -2.9969478913652003
9.202 2.0 4.495870210872508 2.703333737597589 -1.9386218923840652
