0.601 9 3.2213133987511924 -4.872821466162914 2.0956822697183086
0.048 4.0 5.784717357537549 -1.0957029686543636 0.7274111097733176
0.601 5.0 3.012479266237829 0.0030126704105823306 0.8394350846007161
0.601 10.0 1.5677478987756226 -4.224249071259673 -1.520028111943313
0.601 11.0 1.8509553470869502 -1.5922736976992278 1.480963832523484
0.601 12.0 3.6017351413177066 -2.7786513656998495 1.2437428299447486
0.601 9 -0.0028952380840902457 4.718610180669493 0.00028887544695706485
0.601 13.0 2.882776467324441 4.462038971981484 1.6303219933703232
0.601 9 8.886207354916063 3.197949578479612 -2.6169023693182853
0.601 1.0 5.339924284957851 2.0222983099452216 -3.1225292862036613
0.601 2.0 4.484494715524813 2.7019208485245083 -1.9066608131506828
